291572
237182
366013
352574
172081
290484
334065
418059
373106
332386
287084
214293
236709
339789
284378
368058
356033
319320
333255
336986
371932
359838
252399
359871
270239
368432
266524
307002
334986
306482
22245
310100
323613
300217
245655
322289
361240
199792
218603
161614
146508
293835
254640
391163
178900
271088
192153
290236
123540
368046
298065
353288
385761
417197
337627
284083
253759
411567
342900
332772
350184
414317
350933
235375
300531
84876
319910
369142
255984
314503
158899
162886
358216
271601
357841
281259
352515
230802
295947
194594
374595
251658
171668
315695
98778
40692
271324
25292
140934
281549
304285
284653
324914
288513
269146
195043
195421
173064
342479
135116
329722
172225
20545
261637